-0.016
-0.045
-0.049
-0.039
-0.039
-0.045
-0.038
-0.028
-0.016
-0.003
-0.04
-0.055
-0.028
-0.031
-0.05
-0.049
-0.028
-0.021
-0.014
-0.059
-0.07
-0.052
-0.046
-0.058
-0.031
-0.03
-0.03
-0.008
-0.051
-0.055
-0.051
-0.035
-0.046
-0.021
-0.013
-0.018
-0.044
-0.056
-0.069
-0.052
-0.048
-0.048
-0.03
-0.038
-0.033
-0.046
-0.066
-0.072
-0.058
-0.045
-0.047
-0.035
-0.03
-0.036
-0.036
-0.055
-0.072
-0.057
-0.045
-0.035
-0.042
-0.036
-0.032
-0.039
-0.049
-0.056
-0.057
-0.044
-0.045
-0.037
-0.038
-0.039
-0.026
-0.027
-0.036
-0.039
-0.034
-0.026
-0.016
-0.033
-0.045
-0.01
-0.038
-0.031
-0.011
-0.004
0.012
0.024
0.012
0.022
0.002
-0.027
-0.034
-0.012
-0.001
-0.005
0.011
0.01
0.017
-0.005
-0.034
-0.038
-0.019
-0.016
0.001
0.005
0.008
0.018
-0.004
-0.031
-0.049
-0.026
-0.019
-0.003
0.009
0.004
0.019
-0.008
-0.038
-0.039
-0.04
-0.02
-0.002
0.008
0.007
0.02
-0.026
-0.044
-0.052
-0.038
-0.024
-0.008
0.005
-0.004
-0.008
-0.029
-0.043
-0.05
-0.033
-0.026
-0.003
0.0
-0.001
-0.006
-0.012
-0.04
-0.047
-0.044
-0.023
-0.008
-0.005
-0.002
-0.004
-0.011
-0.034
-0.03
-0.025
-0.025
0.001
-0.002
-0.009
-0.006
-0.055
-0.056
-0.049
-0.031
-0.001
0.014
0.032
0.033
0.037
-0.047
-0.05
-0.052
-0.032
-0.014
0.014
0.01
0.049
0.04
-0.043
-0.055
-0.049
-0.041
-0.02
0.008
0.025
0.018
0.026
-0.043
-0.067
-0.047
-0.043
-0.022
0.003
0.007
0.021
0.019
-0.018
-0.055
-0.053
-0.048
-0.015
-0.004
0.005
0.017
0.017
-0.038
-0.065
-0.057
-0.06
-0.034
0.01
-0.001
0.005
0.009
-0.035
-0.064
-0.067
-0.059
-0.018
-0.003
0.002
0.004
0.003
-0.038
-0.053
-0.062
-0.051
-0.027
-0.005
-0.006
-0.009
0.002
-0.03
-0.042
-0.043
-0.041
-0.03
-0.023
-0.004
-0.012
-0.006
-0.082
-0.135
-0.151
-0.12
-0.13
-0.157
-0.128
-0.108
-0.099
-0.075
-0.13
-0.158
-0.134
-0.145
-0.152
-0.128
-0.1
-0.117
-0.066
-0.132
-0.167
-0.144
-0.142
-0.159
-0.131
-0.119
-0.107
-0.071
-0.145
-0.172
-0.158
-0.147
-0.151
-0.125
-0.109
-0.11
-0.089
-0.156
-0.185
-0.16
-0.146
-0.134
-0.116
-0.114
-0.107
-0.144
-0.158
-0.189
-0.169
-0.144
-0.142
-0.111
-0.105
-0.121
-0.145
-0.156
-0.178
-0.166
-0.141
-0.145
-0.111
-0.12
-0.121
-0.12
-0.136
-0.155
-0.16
-0.131
-0.13
-0.125
-0.119
-0.127
-0.108
-0.131
-0.146
-0.146
-0.135
-0.122
-0.122
-0.124
-0.144
-0.093
-0.137
-0.142
-0.105
-0.086
-0.075
-0.05
-0.038
-0.019
-0.085
-0.131
-0.142
-0.107
-0.09
-0.081
-0.054
-0.044
-0.034
-0.073
-0.118
-0.136
-0.111
-0.096
-0.079
-0.059
-0.044
-0.04
-0.074
-0.132
-0.155
-0.127
-0.098
-0.092
-0.058
-0.045
-0.038
-0.077
-0.131
-0.15
-0.132
-0.101
-0.08
-0.053
-0.047
-0.035
-0.105
-0.141
-0.156
-0.141
-0.102
-0.086
-0.056
-0.053
-0.047
-0.098
-0.143
-0.15
-0.141
-0.107
-0.088
-0.068
-0.063
-0.057
-0.088
-0.127
-0.139
-0.125
-0.1
-0.084
-0.074
-0.072
-0.065
-0.09
-0.111
-0.123
-0.117
-0.096
-0.089
-0.073
-0.074
-0.08
-0.188
-0.212
-0.202
-0.155
-0.106
-0.061
-0.033
-0.028
-0.0
-0.179
-0.192
-0.183
-0.145
-0.111
-0.068
-0.045
-0.037
-0.021
-0.142
-0.176
-0.175
-0.15
-0.12
-0.074
-0.052
-0.048
-0.028
-0.156
-0.191
-0.193
-0.171
-0.13
-0.082
-0.069
-0.048
-0.04
-0.145
-0.191
-0.192
-0.168
-0.115
-0.095
-0.065
-0.052
-0.035
-0.144
-0.194
-0.19
-0.181
-0.127
-0.098
-0.064
-0.064
-0.058
-0.149
-0.185
-0.186
-0.181
-0.134
-0.115
-0.081
-0.078
-0.07
-0.131
-0.17
-0.183
-0.172
-0.135
-0.114
-0.094
-0.088
-0.08
-0.137
-0.157
-0.166
-0.158
-0.13
-0.102
-0.092
-0.098
-0.09
0.008
0.002
-0.006
0.02
0.006
-0.007
-0.005
0.004
-0.005
0.019
0.005
-0.001
0.011
-0.001
-0.012
-0.003
0.008
0.002
0.022
0.005
-0.012
0.002
-0.006
-0.001
0.003
0.005
-0.004
0.023
-0.002
-0.019
-0.0
0.003
-0.005
0.001
0.009
-0.001
0.001
-0.006
-0.02
-0.01
0.002
0.001
0.009
0.007
-0.001
-0.019
-0.009
-0.017
-0.009
0.001
0.001
0.011
0.008
-0.004
-0.006
-0.005
-0.013
-0.009
-0.01
-0.002
0.009
0.005
-0.005
0.011
0.008
0.0
0.006
0.011
0.006
0.004
0.017
-0.001
-0.009
-0.006
-0.014
-0.003
-0.01
-0.014
-0.017
-0.01
-0.023
0.041
0.033
0.027
0.047
0.055
0.061
0.056
0.055
0.053
0.045
0.042
0.031
0.043
0.051
0.06
0.052
0.059
0.056
0.049
0.038
0.025
0.046
0.046
0.062
0.054
0.06
0.05
0.049
0.037
0.025
0.037
0.047
0.059
0.055
0.06
0.05
0.042
0.035
0.018
0.034
0.045
0.058
0.053
0.057
0.049
0.037
0.031
0.027
0.037
0.051
0.059
0.055
0.056
0.056
0.037
0.031
0.022
0.034
0.04
0.053
0.051
0.052
0.042
0.045
0.04
0.035
0.045
0.052
0.056
0.052
0.056
0.044
0.022
0.034
0.021
0.03
0.035
0.04
0.034
0.037
0.023
0.062
0.061
0.063
0.08
0.095
0.116
0.112
0.111
0.113
0.064
0.068
0.064
0.075
0.095
0.117
0.107
0.116
0.106
0.077
0.067
0.067
0.073
0.085
0.117
0.111
0.112
0.103
0.072
0.073
0.067
0.074
0.092
0.111
0.109
0.111
0.109
0.072
0.064
0.056
0.076
0.094
0.103
0.097
0.104
0.098
0.078
0.074
0.066
0.077
0.099
0.113
0.113
0.106
0.097
0.073
0.065
0.066
0.072
0.088
0.099
0.092
0.09
0.083
0.075
0.079
0.064
0.07
0.082
0.091
0.086
0.093
0.087
0.064
0.055
0.046
0.062
0.071
0.08
0.076
0.074
0.065
-0.024
-0.041
-0.063
-0.037
-0.058
-0.093
-0.074
-0.071
-0.078
-0.019
-0.045
-0.079
-0.044
-0.079
-0.103
-0.08
-0.067
-0.072
-0.027
-0.044
-0.083
-0.062
-0.086
-0.093
-0.08
-0.059
-0.07
-0.014
-0.056
-0.088
-0.061
-0.056
-0.065
-0.06
-0.047
-0.066
-0.051
-0.071
-0.11
-0.084
-0.068
-0.069
-0.057
-0.055
-0.078
-0.1
-0.077
-0.105
-0.086
-0.056
-0.065
-0.053
-0.055
-0.086
-0.074
-0.072
-0.088
-0.08
-0.078
-0.063
-0.059
-0.054
-0.076
-0.057
-0.064
-0.081
-0.062
-0.069
-0.073
-0.073
-0.051
-0.087
-0.088
-0.073
-0.1
-0.083
-0.097
-0.106
-0.105
-0.091
-0.128
-0.001
-0.005
-0.022
-0.002
0.006
0.017
0.011
0.022
0.011
0.005
-0.011
-0.021
-0.011
-0.001
0.008
0.013
0.02
0.007
0.009
-0.004
-0.037
-0.009
-0.008
0.007
0.012
0.018
0.003
0.015
-0.01
-0.032
-0.014
0.001
0.013
0.024
0.03
0.011
-0.002
-0.019
-0.044
-0.028
-0.004
0.008
0.019
0.02
0.007
-0.023
-0.02
-0.04
-0.022
0.002
0.019
0.024
0.015
0.008
-0.01
-0.009
-0.035
-0.021
-0.006
0.014
0.008
0.01
-0.005
-0.0
-0.004
-0.021
-0.016
-0.006
0.011
-0.001
0.011
-0.01
-0.05
-0.03
-0.044
-0.042
-0.035
-0.029
-0.029
-0.03
-0.05
0.024
0.032
0.016
0.046
0.073
0.118
0.112
0.115
0.106
0.025
0.027
0.022
0.043
0.064
0.109
0.107
0.097
0.1
0.046
0.029
0.01
0.039
0.055
0.103
0.104
0.1
0.092
0.035
0.034
0.019
0.032
0.073
0.101
0.103
0.113
0.103
0.042
0.02
0.007
0.03
0.061
0.087
0.092
0.094
0.083
0.048
0.031
0.016
0.037
0.078
0.095
0.097
0.1
0.092
0.046
0.033
0.018
0.037
0.064
0.088
0.079
0.085
0.074
0.039
0.041
0.018
0.039
0.05
0.075
0.071
0.063
0.066
0.012
0.003
-0.015
0.002
0.019
0.043
0.028
0.03
0.02
0.016
0.004
-0.026
0.033
0.002
-0.036
-0.001
-0.006
-0.045
0.024
-0.002
-0.033
-0.01
-0.038
-0.047
-0.024
-0.007
-0.04
0.048
0.019
-0.041
0.013
-0.014
-0.02
0.007
0.017
-0.028
0.043
-0.011
-0.065
0.001
-0.0
-0.002
0.003
0.022
-0.028
0.0
-0.015
-0.074
-0.026
-0.0
0.021
0.029
0.02
-0.023
-0.068
-0.012
-0.057
-0.026
0.01
0.008
0.03
0.022
-0.009
-0.026
-0.005
-0.026
-0.025
-0.005
0.014
0.027
0.02
-0.028
0.015
0.031
-0.002
0.013
0.016
0.03
0.013
0.032
-0.02
-0.018
0.014
-0.037
-0.006
-0.029
-0.037
-0.047
-0.02
-0.098
0.011
0.009
-0.002
0.075
0.099
0.153
0.14
0.135
0.102
0.043
0.024
0.011
0.069
0.072
0.123
0.139
0.131
0.088
0.074
0.035
0.01
0.072
0.09
0.136
0.135
0.148
0.088
0.064
0.01
-0.006
0.048
0.085
0.118
0.131
0.144
0.094
0.063
0.029
0.005
0.06
0.109
0.141
0.127
0.142
0.093
0.028
0.039
0.016
0.073
0.117
0.148
0.14
0.135
0.103
0.056
0.067
0.019
0.071
0.083
0.136
0.122
0.117
0.09
0.062
0.081
0.061
0.081
0.105
0.138
0.108
0.114
0.073
0.007
0.054
0.029
0.041
0.053
0.072
0.057
0.048
0.015
0.045
0.061
0.067
0.165
0.238
0.35
0.339
0.31
0.273
0.088
0.106
0.102
0.19
0.224
0.334
0.324
0.309
0.274
0.12
0.111
0.109
0.168
0.22
0.332
0.333
0.311
0.282
0.099
0.106
0.106
0.162
0.225
0.309
0.288
0.299
0.271
0.137
0.112
0.129
0.194
0.252
0.316
0.299
0.303
0.253
0.142
0.131
0.143
0.185
0.249
0.283
0.297
0.276
0.247
0.15
0.151
0.146
0.177
0.226
0.269
0.258
0.272
0.211
0.143
0.157
0.146
0.184
0.215
0.252
0.222
0.228
0.212
0.111
0.105
0.109
0.148
0.149
0.19
0.183
0.161
0.145
-0.295
-0.312
-0.37
-0.205
-0.22
-0.238
-0.239
-0.254
-0.333
-0.253
-0.312
-0.373
-0.231
-0.298
-0.277
-0.263
-0.245
-0.329
-0.274
-0.311
-0.383
-0.249
-0.255
-0.226
-0.215
-0.203
-0.306
-0.287
-0.34
-0.43
-0.278
-0.233
-0.207
-0.25
-0.187
-0.319
-0.338
-0.35
-0.395
-0.286
-0.224
-0.158
-0.182
-0.194
-0.309
-0.446
-0.366
-0.385
-0.268
-0.176
-0.18
-0.176
-0.226
-0.321
-0.359
-0.32
-0.313
-0.246
-0.26
-0.222
-0.211
-0.226
-0.329
-0.325
-0.276
-0.31
-0.198
-0.221
-0.194
-0.219
-0.204
-0.321
-0.408
-0.338
-0.344
-0.3
-0.324
-0.309
-0.351
-0.304
-0.441
-0.376
-0.369
-0.343
-0.173
-0.092
0.049
0.005
-0.052
-0.103
-0.305
-0.318
-0.319
-0.166
-0.096
-0.006
-0.016
-0.028
-0.123
-0.261
-0.285
-0.328
-0.178
-0.1
-0.009
-0.028
-0.039
-0.151
-0.262
-0.324
-0.321
-0.217
-0.104
-0.026
-0.031
-0.03
-0.122
-0.266
-0.314
-0.314
-0.186
-0.08
-0.001
-0.042
-0.035
-0.137
-0.308
-0.286
-0.271
-0.147
-0.053
-0.003
-0.027
-0.055
-0.112
-0.257
-0.245
-0.275
-0.167
-0.136
-0.05
-0.067
-0.079
-0.163
-0.227
-0.19
-0.208
-0.141
-0.117
-0.029
-0.075
-0.063
-0.169
-0.38
-0.304
-0.311
-0.254
-0.209
-0.173
-0.207
-0.208
-0.286
-0.311
-0.256
-0.199
0.009
0.184
0.44
0.414
0.327
0.222
-0.181
-0.156
-0.138
0.066
0.174
0.397
0.39
0.326
0.235
-0.148
-0.135
-0.131
0.016
0.164
0.369
0.378
0.297
0.212
-0.167
-0.142
-0.1
0.051
0.202
0.326
0.315
0.278
0.214
-0.096
-0.161
-0.107
0.054
0.19
0.315
0.246
0.261
0.189
-0.069
-0.069
-0.042
0.084
0.217
0.299
0.281
0.229
0.155
-0.077
-0.051
-0.054
0.081
0.141
0.221
0.168
0.173
0.104
-0.038
-0.004
-0.03
0.089
0.142
0.18
0.155
0.202
0.117
-0.162
-0.15
-0.144
-0.043
0.013
0.045
0.068
0.042
-0.029
